word.1	word.2	word.3	word.4	word.5	word.6	word.7	word.8	word.9	word.10	word.11	word.12	word.13	word.14	word.15	word.16	word.17	word.18	word.19	word.20	word.21	word.22	word.23	word.24	word.25	word.26	word.27	word.28	word.29	word.30	word.31	word.32	word.33	word.34	word.35	word.36	word.37	word.38	word.39	word.40	word.41	word.42	word.43	word.44	word.45	word.46	word.47	word.48	word.49	word.50	
0.0201271 0.0193110 0.0200081 0.0204792 0.0200145 0.0203527 0.0204136 0.0202896 0.0207084 0.0205601 0.0203349 0.0198704 0.0189518 0.0195634 0.0206582 0.0203749 0.0202930 0.0201982 0.0202188 0.0206063 0.0191604 0.0199662 0.0188607 0.0200367 0.0202730 0.0194082 0.0191874 0.0198395 0.0200535 0.0203957 0.0202553 0.0203710 0.0200764 0.0198287 0.0190654 0.0197107 0.0202754 0.0195098 0.0207487 0.0209607 0.0194283 0.0206651 0.0206556 0.0194856 0.0205315 0.0203878 0.0195986 0.0195592 0.0194424 0.0189283
0.0198479 0.0205413 0.0200235 0.0206518 0.0197792 0.0202190 0.0201333 0.0198884 0.0190585 0.0201150 0.0198822 0.0200634 0.0196388 0.0198070 0.0202780 0.0203065 0.0201770 0.0198818 0.0204549 0.0198917 0.0196831 0.0204276 0.0194054 0.0198229 0.0199841 0.0197705 0.0206998 0.0197844 0.0202632 0.0204716 0.0203068 0.0200059 0.0198966 0.0202131 0.0192978 0.0200407 0.0199698 0.0208234 0.0204660 0.0195309 0.0200915 0.0200613 0.0204736 0.0203550 0.0191313 0.0196717 0.0194572 0.0195750 0.0198594 0.0198212
0.0200100 0.0197765 0.0207523 0.0203644 0.0197312 0.0204368 0.0200418 0.0203584 0.0197180 0.0200484 0.0204214 0.0199699 0.0196871 0.0199140 0.0200774 0.0204067 0.0198330 0.0193300 0.0204284 0.0196871 0.0198790 0.0199268 0.0199030 0.0190381 0.0200600 0.0202900 0.0200130 0.0194231 0.0207078 0.0201517 0.0196791 0.0195023 0.0195842 0.0202762 0.0191356 0.0205843 0.0199595 0.0201252 0.0206374 0.0203272 0.0198447 0.0202618 0.0200895 0.0193292 0.0202272 0.0202588 0.0190913 0.0193178 0.0210365 0.0203470
0.0201270 0.0193109 0.0200080 0.0204791 0.0200144 0.0203526 0.0204136 0.0202895 0.0207083 0.0205601 0.0203392 0.0198703 0.0189517 0.0195633 0.0206581 0.0203748 0.0202929 0.0201981 0.0202188 0.0206062 0.0191603 0.0199661 0.0188607 0.0200366 0.0202730 0.0194081 0.0191873 0.0198394 0.0200534 0.0203956 0.0202552 0.0203710 0.0200764 0.0198286 0.0190653 0.0197106 0.0202753 0.0195097 0.0207486 0.0209606 0.0194282 0.0206650 0.0206556 0.0194855 0.0205314 0.0203877 0.0195985 0.0195591 0.0194423 0.0189282
0.0196466 0.0204736 0.0202159 0.0196873 0.0193133 0.0210537 0.0202699 0.0201889 0.0203840 0.0198911 0.0193153 0.0199741 0.0204339 0.0203904 0.0203086 0.0203116 0.0191534 0.0204705 0.0195605 0.0202816 0.0203203 0.0197858 0.0189761 0.0201856 0.0198319 0.0202842 0.0203300 0.0198950 0.0193406 0.0197203 0.0200694 0.0206349 0.0202434 0.0206692 0.0204016 0.0199066 0.0202429 0.0196669 0.0195458 0.0194912 0.0203773 0.0201238 0.0200790 0.0199939 0.0200623 0.0198753 0.0197200 0.0196497 0.0194612 0.0197915
0.0201266 0.0193105 0.0200076 0.0204787 0.0200140 0.0203522 0.0204132 0.0202891 0.0207080 0.0205597 0.0203387 0.0198700 0.0189513 0.0195630 0.0206577 0.0203744 0.0202925 0.0201978 0.0202184 0.0206058 0.0191600 0.0199657 0.0188603 0.0200362 0.0202726 0.0194077 0.0191869 0.0198390 0.0200724 0.0203952 0.0202548 0.0203706 0.0200760 0.0198282 0.0190649 0.0197102 0.0202749 0.0195093 0.0207482 0.0209602 0.0194278 0.0206646 0.0206552 0.0194852 0.0205310 0.0203873 0.0195982 0.0195587 0.0194419 0.0189279
0.0201901 0.0197612 0.0207362 0.0203487 0.0197160 0.0204097 0.0200263 0.0203427 0.0197027 0.0200329 0.0204056 0.0199544 0.0196718 0.0198986 0.0200618 0.0204887 0.0198177 0.0193150 0.0204126 0.0197697 0.0198636 0.0199114 0.0198876 0.0190234 0.0200444 0.0202743 0.0199928 0.0194080 0.0210003 0.0201361 0.0196639 0.0194872 0.0195691 0.0202605 0.0191208 0.0205684 0.0199440 0.0201096 0.0206215 0.0203115 0.0198247 0.0202462 0.0200740 0.0193142 0.0202115 0.0202432 0.0190765 0.0193974 0.0210203 0.0203313
0.0200938 0.0205280 0.0200104 0.0206383 0.0197664 0.0202058 0.0201202 0.0198755 0.0190529 0.0201019 0.0198764 0.0200503 0.0196260 0.0197941 0.0202648 0.0204227 0.0201639 0.0198689 0.0204416 0.0200082 0.0196703 0.0204143 0.0193928 0.0198100 0.0199711 0.0197577 0.0206789 0.0197716 0.0202520 0.0204583 0.0202936 0.0199929 0.0198905 0.0202000 0.0192852 0.0200276 0.0199568 0.0208099 0.0204527 0.0195182 0.0200710 0.0200483 0.0204602 0.0203417 0.0191189 0.0196589 0.0194445 0.0196873 0.0198465 0.0198083
0.0201265 0.0193104 0.0200074 0.0204786 0.0200139 0.0203521 0.0204130 0.0202890 0.0207118 0.0205595 0.0203384 0.0198698 0.0189512 0.0195628 0.0206575 0.0203742 0.0202924 0.0201976 0.0202182 0.0206057 0.0191598 0.0199655 0.0188601 0.0200361 0.0202724 0.0194076 0.0191868 0.0198388 0.0200717 0.0203951 0.0202547 0.0203704 0.0200798 0.0198281 0.0190648 0.0197101 0.0202747 0.0195092 0.0207480 0.0209600 0.0194277 0.0206645 0.0206550 0.0194850 0.0205309 0.0203871 0.0195980 0.0195586 0.0194418 0.0189277
0.0200876 0.0205263 0.0201092 0.0206366 0.0197647 0.0202041 0.0201185 0.0198738 0.0190512 0.0201003 0.0198746 0.0200486 0.0196243 0.0197925 0.0202631 0.0204187 0.0201622 0.0198672 0.0204398 0.0200043 0.0196686 0.0204126 0.0193912 0.0198083 0.0199694 0.0197560 0.0206747 0.0197699 0.0202503 0.0204566 0.0202919 0.0199912 0.0198887 0.0201983 0.0192836 0.0200259 0.0199551 0.0208081 0.0204510 0.0195165 0.0200668 0.0200466 0.0204585 0.0203400 0.0191173 0.0196572 0.0194429 0.0196835 0.0198448 0.0198066
0.0200014 0.0205045 0.0201801 0.0195375 0.0200469 0.0199071 0.0207073 0.0199446 0.0195594 0.0198676 0.0202619 0.0204048 0.0191722 0.0197842 0.0197143 0.0200275 0.0201866 0.0203846 0.0195569 0.0195317 0.0199694 0.0200632 0.0199242 0.0198390 0.0192769 0.0204261 0.0195350 0.0199448 0.0198972 0.0208696 0.0198242 0.0203682 0.0189580 0.0200188 0.0202601 0.0200410 0.0206058 0.0201479 0.0193689 0.0200216 0.0207010 0.0205548 0.0202628 0.0198815 0.0200695 0.0198144 0.0199057 0.0197165 0.0201823 0.0202704
0.0200766 0.0205219 0.0201022 0.0206322 0.0197605 0.0201998 0.0201142 0.0198696 0.0190470 0.0200960 0.0198702 0.0200444 0.0196202 0.0197883 0.0202588 0.0204110 0.0201579 0.0198630 0.0204355 0.0199966 0.0196644 0.0204082 0.0193870 0.0198041 0.0199652 0.0197518 0.0206667 0.0197657 0.0202459 0.0204522 0.0205274 0.0199870 0.0198843 0.0201940 0.0192795 0.0200217 0.0199509 0.0208037 0.0204466 0.0195124 0.0200589 0.0200424 0.0204542 0.0203357 0.0191132 0.0196530 0.0194387 0.0196761 0.0198406 0.0198024
0.0201259 0.0193099 0.0200069 0.0204780 0.0200133 0.0203515 0.0204125 0.0202884 0.0207111 0.0205589 0.0203377 0.0198693 0.0189507 0.0195623 0.0206570 0.0203737 0.0202918 0.0201971 0.0202177 0.0206051 0.0191593 0.0199650 0.0188596 0.0200355 0.0202719 0.0194070 0.0191862 0.0198383 0.0200705 0.0203945 0.0202825 0.0203699 0.0200791 0.0198276 0.0190643 0.0197096 0.0202742 0.0195086 0.0207475 0.0209594 0.0194271 0.0206639 0.0206544 0.0194845 0.0205303 0.0203866 0.0195975 0.0195580 0.0194412 0.0189272
0.0202636 0.0197495 0.0207966 0.0203366 0.0197043 0.0203826 0.0201500 0.0203306 0.0196910 0.0200210 0.0203935 0.0199426 0.0196602 0.0199996 0.0200499 0.0204709 0.0198059 0.0193036 0.0204005 0.0197522 0.0198518 0.0200124 0.0198758 0.0190121 0.0200326 0.0202622 0.0199747 0.0193965 0.0209698 0.0201242 0.0196522 0.0196118 0.0195575 0.0202485 0.0191094 0.0205562 0.0199322 0.0200977 0.0206092 0.0202995 0.0198067 0.0202342 0.0200620 0.0193028 0.0201995 0.0202312 0.0190652 0.0193803 0.0210078 0.0203192
0.0200285 0.0199592 0.0192893 0.0207397 0.0196617 0.0198850 0.0199624 0.0208621 0.0202406 0.0199855 0.0208458 0.0206340 0.0199372 0.0197810 0.0201976 0.0196088 0.0200902 0.0204793 0.0201802 0.0200370 0.0198125 0.0196869 0.0193461 0.0203863 0.0192506 0.0195398 0.0193794 0.0202539 0.0188619 0.0196934 0.0195698 0.0204414 0.0202755 0.0203659 0.0201972 0.0199312 0.0201200 0.0205332 0.0193072 0.0201676 0.0197740 0.0200675 0.0205471 0.0201921 0.0205508 0.0190948 0.0204123 0.0206873 0.0196010 0.0195485
0.0201891 0.0205190 0.0200955 0.0206293 0.0197577 0.0201970 0.0201114 0.0198668 0.0190440 0.0200931 0.0198671 0.0200415 0.0196837 0.0197855 0.0202560 0.0204032 0.0201550 0.0198602 0.0204326 0.0199889 0.0196617 0.0204053 0.0193843 0.0198013 0.0199624 0.0197490 0.0206583 0.0197629 0.0202430 0.0204493 0.0205149 0.0199842 0.0198812 0.0201911 0.0192768 0.0200189 0.0199480 0.0208007 0.0204437 0.0195096 0.0200507 0.0200395 0.0204513 0.0203328 0.0191105 0.0196503 0.0194360 0.0196685 0.0198378 0.0197996
0.0201250 0.0193090 0.0200060 0.0204771 0.0200124 0.0203506 0.0204115 0.0202875 0.0207100 0.0205580 0.0203366 0.0198684 0.0189978 0.0195614 0.0206560 0.0203728 0.0202909 0.0201961 0.0202167 0.0206042 0.0191584 0.0199641 0.0188588 0.0200346 0.0202709 0.0194061 0.0191854 0.0198374 0.0200689 0.0203936 0.0202805 0.0203689 0.0200781 0.0198266 0.0190634 0.0197087 0.0202733 0.0195077 0.0207465 0.0209585 0.0194262 0.0206630 0.0206535 0.0194836 0.0205294 0.0203856 0.0195966 0.0195571 0.0194403 0.0189263
0.0203047 0.0205169 0.0200921 0.0206272 0.0197557 0.0201949 0.0201093 0.0198647 0.0190420 0.0200910 0.0198650 0.0200394 0.0196807 0.0197834 0.0202539 0.0203995 0.0201529 0.0198581 0.0204305 0.0199852 0.0196596 0.0204032 0.0193823 0.0197993 0.0199603 0.0197470 0.0206544 0.0197608 0.0202409 0.0204472 0.0205096 0.0199821 0.0198791 0.0201890 0.0192748 0.0200168 0.0199460 0.0207986 0.0204416 0.0195076 0.0200468 0.0200374 0.0204491 0.0203307 0.0191085 0.0196482 0.0194340 0.0196649 0.0198357 0.0197975
0.0213919 0.0205180 0.0200305 0.0206932 0.0187367 0.0198424 0.0199014 0.0208759 0.0204744 0.0199773 0.0197453 0.0200113 0.0207498 0.0203002 0.0198245 0.0197120 0.0193051 0.0197616 0.0195382 0.0200518 0.0209135 0.0207012 0.0192725 0.0191371 0.0199755 0.0199094 0.0197507 0.0199058 0.0198202 0.0204717 0.0207954 0.0199640 0.0201466 0.0203029 0.0199897 0.0199347 0.0192786 0.0189532 0.0194626 0.0192335 0.0199603 0.0198480 0.0197728 0.0204586 0.0200319 0.0199617 0.0198311 0.0203555 0.0205412 0.0198786
0.0202975 0.0205157 0.0200898 0.0206260 0.0197546 0.0201938 0.0201082 0.0198636 0.0190408 0.0200899 0.0198638 0.0200383 0.0196788 0.0197823 0.0202528 0.0203968 0.0201518 0.0198570 0.0204294 0.0199826 0.0196585 0.0204021 0.0193812 0.0197982 0.0199592 0.0198197 0.0206517 0.0197598 0.0202397 0.0204461 0.0205056 0.0199810 0.0198779 0.0201879 0.0192737 0.0200157 0.0199449 0.0207974 0.0204405 0.0195065 0.0200441 0.0200363 0.0204480 0.0203296 0.0191075 0.0196471 0.0194329 0.0196624 0.0198347 0.0197965
0.0203286 0.0198671 0.0207828 0.0203272 0.0196952 0.0203593 0.0201328 0.0203212 0.0196820 0.0200118 0.0203841 0.0199334 0.0196536 0.0199838 0.0200407 0.0204561 0.0197968 0.0192947 0.0203911 0.0197378 0.0198427 0.0199966 0.0198667 0.0190034 0.0200233 0.0202581 0.0199597 0.0193876 0.0209433 0.0201149 0.0196432 0.0195948 0.0195485 0.0202392 0.0191006 0.0206566 0.0199230 0.0200884 0.0205997 0.0202901 0.0197917 0.0202248 0.0200528 0.0192939 0.0202968 0.0202219 0.0190564 0.0193662 0.0211248 0.0203099
0.0201249 0.0193089 0.0200059 0.0204796 0.0200123 0.0203505 0.0204115 0.0202874 0.0207099 0.0205579 0.0203365 0.0198683 0.0189967 0.0195613 0.0206560 0.0203727 0.0202909 0.0201961 0.0202167 0.0206041 0.0191584 0.0199640 0.0188613 0.0200346 0.0202709 0.0194061 0.0191853 0.0198373 0.0200684 0.0203935 0.0202798 0.0203689 0.0200779 0.0198266 0.0190634 0.0197086 0.0202732 0.0195077 0.0207465 0.0209584 0.0194262 0.0206629 0.0206534 0.0194835 0.0205293 0.0203856 0.0195965 0.0195571 0.0194403 0.0189263
0.0202911 0.0205136 0.0200869 0.0206283 0.0197526 0.0201917 0.0201061 0.0198616 0.0190388 0.0200879 0.0198617 0.0200363 0.0196762 0.0197803 0.0202507 0.0203937 0.0201498 0.0198550 0.0204273 0.0199795 0.0197641 0.0204000 0.0193836 0.0197961 0.0199572 0.0198170 0.0206484 0.0197577 0.0202376 0.0204440 0.0205015 0.0199790 0.0198758 0.0201858 0.0192717 0.0200136 0.0199428 0.0207953 0.0204384 0.0195045 0.0200409 0.0200343 0.0204459 0.0203275 0.0191055 0.0196451 0.0194309 0.0196593 0.0198326 0.0197944
0.0203202 0.0198622 0.0207785 0.0203241 0.0196921 0.0203528 0.0201278 0.0203181 0.0196789 0.0200086 0.0203809 0.0199303 0.0196505 0.0199792 0.0200376 0.0204516 0.0197937 0.0192917 0.0203879 0.0197334 0.0199197 0.0199920 0.0198636 0.0190004 0.0200202 0.0202548 0.0199552 0.0193846 0.0209360 0.0201118 0.0196401 0.0195899 0.0195454 0.0202360 0.0190976 0.0206518 0.0200297 0.0200853 0.0205965 0.0202870 0.0197873 0.0202217 0.0200497 0.0192909 0.0202921 0.0202187 0.0190534 0.0193620 0.0211197 0.0203067
0.0213593 0.0205012 0.0200112 0.0209122 0.0187214 0.0198261 0.0198851 0.0208588 0.0204507 0.0199609 0.0197220 0.0199949 0.0207148 0.0202836 0.0198083 0.0196922 0.0192892 0.0197453 0.0195221 0.0200317 0.0210614 0.0206842 0.0194927 0.0191215 0.0199591 0.0198930 0.0197305 0.0198895 0.0198008 0.0204549 0.0207771 0.0199476 0.0201232 0.0202862 0.0199733 0.0199184 0.0192628 0.0189377 0.0197098 0.0192177 0.0199399 0.0198317 0.0197565 0.0204418 0.0200155 0.0199453 0.0198149 0.0203353 0.0205243 0.0198623
0.0214000 0.0202786 0.0190285 0.0194101 0.0192794 0.0204151 0.0200152 0.0206468 0.0190135 0.0188705 0.0210418 0.0206878 0.0196083 0.0199396 0.0199402 0.0208323 0.0193645 0.0205415 0.0202722 0.0195244 0.0202487 0.0200623 0.0200957 0.0199325 0.0203164 0.0197055 0.0208262 0.0194351 0.0203462 0.0198716 0.0202553 0.0199408 0.0199831 0.0197337 0.0210805 0.0205107 0.0197520 0.0200820 0.0206880 0.0195314 0.0200673 0.0192439 0.0199421 0.0193535 0.0199856 0.0192467 0.0195444 0.0203238 0.0195564 0.0202283
0.0201428 0.0193086 0.0200056 0.0204792 0.0200120 0.0203502 0.0204112 0.0202871 0.0207094 0.0205576 0.0203360 0.0198680 0.0189939 0.0195610 0.0206557 0.0203724 0.0202905 0.0201958 0.0202164 0.0206038 0.0191581 0.0199637 0.0188609 0.0200343 0.0202706 0.0194058 0.0191850 0.0198370 0.0200672 0.0203932 0.0202781 0.0203686 0.0200774 0.0198263 0.0190631 0.0197083 0.0202729 0.0195074 0.0207489 0.0209581 0.0194259 0.0206626 0.0206531 0.0194832 0.0205290 0.0203853 0.0195962 0.0195568 0.0194400 0.0189260
0.0218915 0.0204826 0.0201632 0.0208829 0.0187044 0.0198082 0.0198671 0.0210160 0.0204179 0.0199428 0.0196893 0.0199768 0.0206586 0.0202652 0.0197903 0.0196667 0.0192718 0.0197275 0.0195045 0.0200059 0.0210352 0.0206655 0.0194648 0.0191042 0.0199410 0.0198750 0.0197044 0.0198715 0.0197761 0.0206125 0.0207558 0.0199296 0.0200907 0.0202679 0.0199553 0.0199003 0.0192454 0.0189205 0.0196805 0.0192003 0.0199135 0.0198138 0.0197387 0.0204233 0.0199974 0.0199273 0.0197969 0.0203095 0.0205057 0.0198444
0.0202568 0.0205062 0.0201877 0.0206205 0.0197454 0.0201843 0.0200988 0.0200309 0.0190316 0.0200806 0.0198541 0.0200290 0.0196654 0.0197731 0.0202433 0.0203797 0.0201424 0.0198478 0.0204198 0.0199656 0.0197508 0.0203926 0.0193763 0.0197889 0.0199499 0.0198056 0.0206338 0.0197506 0.0202302 0.0205498 0.0204813 0.0199717 0.0198682 0.0201785 0.0192647 0.0200063 0.0199356 0.0207878 0.0204355 0.0194974 0.0200265 0.0200270 0.0204385 0.0203201 0.0190986 0.0196380 0.0194742 0.0196458 0.0198254 0.0197872
0.0203541 0.0198470 0.0208503 0.0203173 0.0196856 0.0203307 0.0202025 0.0203990 0.0196724 0.0200020 0.0203741 0.0199237 0.0196438 0.0199653 0.0200309 0.0204390 0.0197871 0.0193752 0.0203811 0.0197210 0.0199076 0.0199781 0.0198570 0.0189941 0.0200135 0.0202477 0.0199422 0.0193781 0.0209106 0.0201884 0.0196336 0.0195747 0.0195389 0.0202293 0.0190913 0.0206375 0.0200155 0.0200786 0.0205897 0.0202802 0.0197743 0.0202150 0.0200430 0.0192845 0.0202781 0.0202120 0.0190505 0.0193499 0.0211041 0.0202999
0.0202492 0.0205067 0.0201845 0.0206210 0.0197459 0.0201849 0.0200994 0.0200282 0.0190429 0.0200811 0.0198545 0.0200295 0.0196648 0.0197736 0.0202438 0.0203783 0.0201430 0.0198483 0.0204204 0.0199642 0.0197494 0.0203931 0.0193767 0.0197895 0.0199504 0.0198049 0.0206321 0.0197511 0.0202307 0.0205482 0.0204779 0.0199722 0.0198686 0.0201790 0.0192652 0.0200069 0.0199361 0.0207883 0.0204360 0.0194979 0.0200248 0.0200275 0.0204390 0.0203207 0.0190991 0.0196385 0.0194738 0.0196444 0.0198259 0.0197878
0.0200552 0.0199544 0.0192826 0.0207348 0.0196549 0.0198774 0.0199567 0.0209834 0.0202393 0.0199824 0.0208380 0.0206268 0.0199297 0.0197738 0.0201905 0.0196019 0.0200831 0.0204738 0.0201731 0.0200299 0.0198056 0.0196797 0.0193416 0.0203791 0.0192438 0.0196730 0.0193726 0.0202468 0.0188546 0.0196866 0.0194820 0.0204339 0.0202679 0.0203588 0.0201901 0.0199261 0.0201149 0.0205260 0.0193031 0.0201606 0.0197671 0.0200604 0.0205399 0.0201851 0.0205454 0.0190881 0.0205072 0.0206801 0.0195964 0.0195417
0.0202892 0.0205060 0.0201831 0.0206203 0.0197452 0.0201842 0.0200987 0.0200268 0.0190422 0.0200804 0.0198538 0.0200288 0.0196639 0.0197730 0.0202431 0.0203771 0.0201423 0.0198476 0.0204197 0.0199631 0.0197483 0.0203924 0.0193760 0.0197888 0.0199497 0.0198039 0.0206310 0.0197504 0.0202300 0.0205471 0.0204764 0.0199715 0.0198679 0.0201783 0.0192646 0.0200062 0.0199354 0.0207876 0.0204353 0.0194973 0.0200237 0.0200268 0.0204383 0.0203200 0.0190984 0.0196378 0.0194729 0.0196433 0.0198252 0.0197871
0.0202882 0.0205061 0.0201827 0.0206203 0.0197453 0.0201843 0.0200988 0.0200265 0.0190423 0.0200805 0.0198539 0.0200289 0.0196638 0.0197730 0.0202432 0.0203770 0.0201424 0.0198477 0.0204198 0.0199629 0.0197482 0.0203925 0.0193761 0.0197889 0.0199498 0.0198038 0.0206308 0.0197505 0.0202301 0.0205469 0.0204760 0.0199716 0.0198680 0.0201784 0.0192646 0.0200063 0.0199355 0.0207877 0.0204353 0.0194974 0.0200235 0.0200269 0.0204384 0.0203201 0.0190985 0.0196379 0.0194729 0.0196432 0.0198253 0.0197872
0.0201724 0.0193080 0.0200050 0.0204784 0.0200114 0.0203495 0.0204105 0.0202865 0.0207149 0.0205570 0.0203352 0.0198674 0.0189913 0.0195604 0.0206550 0.0203717 0.0202899 0.0201951 0.0202157 0.0206031 0.0191575 0.0199631 0.0188602 0.0200336 0.0202699 0.0194052 0.0191844 0.0198364 0.0200658 0.0203926 0.0202763 0.0203679 0.0200766 0.0198257 0.0190625 0.0197077 0.0202722 0.0195067 0.0207481 0.0209574 0.0194253 0.0206619 0.0206525 0.0194826 0.0205283 0.0203846 0.0195956 0.0195562 0.0194394 0.0189254
0.0201721 0.0193080 0.0200050 0.0204784 0.0200114 0.0203496 0.0204105 0.0202865 0.0207149 0.0205570 0.0203352 0.0198674 0.0189910 0.0195604 0.0206550 0.0203718 0.0202899 0.0201951 0.0202157 0.0206032 0.0191575 0.0199631 0.0188602 0.0200336 0.0202699 0.0194052 0.0191844 0.0198364 0.0200657 0.0203926 0.0202761 0.0203679 0.0200766 0.0198257 0.0190625 0.0197077 0.0202723 0.0195068 0.0207481 0.0209574 0.0194253 0.0206620 0.0206525 0.0194826 0.0205284 0.0203847 0.0195956 0.0195562 0.0194394 0.0189254
0.0204481 0.0198320 0.0208337 0.0203059 0.0196745 0.0203124 0.0201842 0.0204620 0.0196613 0.0201907 0.0203627 0.0199125 0.0196327 0.0199509 0.0201616 0.0204248 0.0197760 0.0193614 0.0203697 0.0197073 0.0198939 0.0199637 0.0198458 0.0189834 0.0200023 0.0202362 0.0199281 0.0193672 0.0208905 0.0201743 0.0196225 0.0195598 0.0195279 0.0202179 0.0190806 0.0206225 0.0200009 0.0200674 0.0205781 0.0202688 0.0197603 0.0202036 0.0201485 0.0192737 0.0202635 0.0202006 0.0190398 0.0193365 0.0210884 0.0202886
0.0201713 0.0193080 0.0200050 0.0204810 0.0200114 0.0203496 0.0204105 0.0202865 0.0207147 0.0205570 0.0203351 0.0198674 0.0189903 0.0195604 0.0206550 0.0203718 0.0202899 0.0201951 0.0202157 0.0206032 0.0191575 0.0199631 0.0188601 0.0200336 0.0202699 0.0194052 0.0191844 0.0198364 0.0200655 0.0203926 0.0202758 0.0203679 0.0200766 0.0198257 0.0190625 0.0197077 0.0202723 0.0195068 0.0207481 0.0209574 0.0194253 0.0206620 0.0206525 0.0194826 0.0205284 0.0203846 0.0195956 0.0195562 0.0194394 0.0189254
0.0200566 0.0199550 0.0192833 0.0207380 0.0196556 0.0198780 0.0199573 0.0209783 0.0202396 0.0199830 0.0208386 0.0206275 0.0199303 0.0197744 0.0201927 0.0196026 0.0200838 0.0204745 0.0201738 0.0200306 0.0198063 0.0196803 0.0193422 0.0203799 0.0192445 0.0196674 0.0193733 0.0202475 0.0188551 0.0196872 0.0194601 0.0204345 0.0202685 0.0203595 0.0201908 0.0199267 0.0201155 0.0205267 0.0193037 0.0201613 0.0197678 0.0200611 0.0205428 0.0201858 0.0205461 0.0190888 0.0205033 0.0206808 0.0195970 0.0195424
0.0205020 0.0204879 0.0203708 0.0197344 0.0192443 0.0209305 0.0203530 0.0203828 0.0204092 0.0199755 0.0192357 0.0199027 0.0204778 0.0203906 0.0203973 0.0203626 0.0190849 0.0204649 0.0194906 0.0203327 0.0203637 0.0197883 0.0189321 0.0201135 0.0197610 0.0202244 0.0202160 0.0198239 0.0192715 0.0197795 0.0200218 0.0206496 0.0202043 0.0205953 0.0203287 0.0199112 0.0202474 0.0195966 0.0195025 0.0194215 0.0202631 0.0200518 0.0200981 0.0200342 0.0200640 0.0198043 0.0196588 0.0195428 0.0194791 0.0197208
0.0204322 0.0198255 0.0208264 0.0203038 0.0196709 0.0203037 0.0201756 0.0204543 0.0196576 0.0201820 0.0203589 0.0199088 0.0196290 0.0199449 0.0201544 0.0204192 0.0197723 0.0193556 0.0203659 0.0197017 0.0198884 0.0199576 0.0198421 0.0189799 0.0199986 0.0202323 0.0199224 0.0193636 0.0208807 0.0201685 0.0196189 0.0195534 0.0195243 0.0202141 0.0190770 0.0206163 0.0199947 0.0200636 0.0205743 0.0202650 0.0197546 0.0203998 0.0201418 0.0193378 0.0202574 0.0201969 0.0190361 0.0193310 0.0210817 0.0202848
0.0201674 0.0193074 0.0200043 0.0205075 0.0200133 0.0203489 0.0204098 0.0202858 0.0207134 0.0205563 0.0203342 0.0198667 0.0189869 0.0195598 0.0206543 0.0203711 0.0202892 0.0201945 0.0202151 0.0206025 0.0191568 0.0199624 0.0188593 0.0200330 0.0202718 0.0194045 0.0191838 0.0198357 0.0200638 0.0203919 0.0202735 0.0203672 0.0200757 0.0198250 0.0190618 0.0197070 0.0202716 0.0195061 0.0207472 0.0209567 0.0194246 0.0206731 0.0206518 0.0194820 0.0205277 0.0203839 0.0195950 0.0195555 0.0194387 0.0189248
0.0203077 0.0205025 0.0201597 0.0206574 0.0197462 0.0201807 0.0200952 0.0201012 0.0190372 0.0200770 0.0198498 0.0200254 0.0196544 0.0197695 0.0203155 0.0203628 0.0201388 0.0198442 0.0204161 0.0199488 0.0197348 0.0203889 0.0193723 0.0197854 0.0199507 0.0197936 0.0206156 0.0197470 0.0202263 0.0205322 0.0204519 0.0199681 0.0198639 0.0201748 0.0192612 0.0200027 0.0199320 0.0207840 0.0204313 0.0194939 0.0200085 0.0200246 0.0204348 0.0204022 0.0190951 0.0196344 0.0194645 0.0196295 0.0198218 0.0197837
0.0204583 0.0198206 0.0208199 0.0203051 0.0196722 0.0202938 0.0201657 0.0204465 0.0196590 0.0201721 0.0203603 0.0199102 0.0196303 0.0199409 0.0201478 0.0204162 0.0197737 0.0193521 0.0203673 0.0196988 0.0198858 0.0199537 0.0198435 0.0189812 0.0200000 0.0202335 0.0199190 0.0193650 0.0208684 0.0201654 0.0196203 0.0195483 0.0195257 0.0202156 0.0190783 0.0206122 0.0199905 0.0200650 0.0205757 0.0203494 0.0197513 0.0203896 0.0201366 0.0193353 0.0202535 0.0201983 0.0190373 0.0193282 0.0210768 0.0202862
0.0200550 0.0199585 0.0192845 0.0207389 0.0196593 0.0198789 0.0199582 0.0209695 0.0202402 0.0199840 0.0208396 0.0206289 0.0199314 0.0197755 0.0201939 0.0196039 0.0200852 0.0204757 0.0201751 0.0200319 0.0198075 0.0196814 0.0193433 0.0203812 0.0192483 0.0196576 0.0193745 0.0202488 0.0188560 0.0196885 0.0194217 0.0204357 0.0202695 0.0203608 0.0201922 0.0199279 0.0201167 0.0205280 0.0193047 0.0201641 0.0197691 0.0200656 0.0205439 0.0201871 0.0205473 0.0190900 0.0204966 0.0206821 0.0195981 0.0195436
0.0204510 0.0198218 0.0208189 0.0203062 0.0196733 0.0202919 0.0201637 0.0204452 0.0196601 0.0201702 0.0203615 0.0199113 0.0196313 0.0199406 0.0201467 0.0204162 0.0197748 0.0193518 0.0203685 0.0196987 0.0198858 0.0199534 0.0198446 0.0189823 0.0200011 0.0202345 0.0199189 0.0193661 0.0208659 0.0201653 0.0196214 0.0195477 0.0195267 0.0202167 0.0190794 0.0206119 0.0199901 0.0200661 0.0205769 0.0203491 0.0197511 0.0203876 0.0201360 0.0193353 0.0202532 0.0201994 0.0190383 0.0193281 0.0210763 0.0202873
0.0201655 0.0193402 0.0200037 0.0205059 0.0200126 0.0203482 0.0204092 0.0202852 0.0207125 0.0205556 0.0203335 0.0198661 0.0189852 0.0195592 0.0206537 0.0203704 0.0202886 0.0201938 0.0202144 0.0206018 0.0191562 0.0199618 0.0188587 0.0200323 0.0202711 0.0194039 0.0191832 0.0198351 0.0200627 0.0203912 0.0202722 0.0203666 0.0200750 0.0198244 0.0190612 0.0197064 0.0202709 0.0195055 0.0207465 0.0209561 0.0194240 0.0206721 0.0206511 0.0194814 0.0205270 0.0203833 0.0195943 0.0195549 0.0194381 0.0189274
0.0214435 0.0202446 0.0193855 0.0193986 0.0192452 0.0203340 0.0200353 0.0210304 0.0189804 0.0190232 0.0210036 0.0206504 0.0195656 0.0198828 0.0201651 0.0207400 0.0193295 0.0205857 0.0202356 0.0194345 0.0201608 0.0200054 0.0200593 0.0198965 0.0202803 0.0196084 0.0207291 0.0194000 0.0202848 0.0200789 0.0202165 0.0198797 0.0199469 0.0196980 0.0210424 0.0204522 0.0196945 0.0200457 0.0206505 0.0195804 0.0199716 0.0192975 0.0200151 0.0195286 0.0199287 0.0192119 0.0196996 0.0202343 0.0194964 0.0201925
0.0202835 0.0205469 0.0202253 0.0206549 0.0197457 0.0201803 0.0200948 0.0200888 0.0190361 0.0200766 0.0198492 0.0200250 0.0196515 0.0197692 0.0203115 0.0203579 0.0201384 0.0198438 0.0204157 0.0199439 0.0197301 0.0203885 0.0193717 0.0197850 0.0199501 0.0197903 0.0206103 0.0197466 0.0202258 0.0205270 0.0204427 0.0199677 0.0198633 0.0201744 0.0192609 0.0200023 0.0199316 0.0207836 0.0204307 0.0194935 0.0200031 0.0200242 0.0204344 0.0203977 0.0190947 0.0196340 0.0194620 0.0196247 0.0198214 0.0197885
0.0197077 0.0206599 0.0204878 0.0202542 0.0194547 0.0198455 0.0205783 0.0197525 0.0206330 0.0198183 0.0205391 0.0196565 0.0193678 0.0197887 0.0201435 0.0196022 0.0204289 0.0206619 0.0193851 0.0205789 0.0201023 0.0203399 0.0197889 0.0200590 0.0203237 0.0199413 0.0201055 0.0201102 0.0202575 0.0200176 0.0196471 0.0190045 0.0196493 0.0199646 0.0194090 0.0199633 0.0202460 0.0207930 0.0196237 0.0200424 0.0207358 0.0198014 0.0202593 0.0194059 0.0199792 0.0205368 0.0199304 0.0194894 0.0195904 0.0195381
0.0200471 0.0199514 0.0192778 0.0207316 0.0196781 0.0201900 0.0199512 0.0209589 0.0202329 0.0199769 0.0208323 0.0206217 0.0199243 0.0197699 0.0201868 0.0195971 0.0200782 0.0204685 0.0201681 0.0200250 0.0198006 0.0196745 0.0193365 0.0203741 0.0192415 0.0196471 0.0193678 0.0202418 0.0188493 0.0196817 0.0194021 0.0204285 0.0202624 0.0203537 0.0202109 0.0199209 0.0201096 0.0205209 0.0192979 0.0201570 0.0197622 0.0200585 0.0205367 0.0201801 0.0205400 0.0190834 0.0204868 0.0206749 0.0195912 0.0195399
0.0202765 0.0205458 0.0202215 0.0206929 0.0197451 0.0201945 0.0200943 0.0200851 0.0190355 0.0200761 0.0198486 0.0200245 0.0196504 0.0197687 0.0203100 0.0203561 0.0201379 0.0198433 0.0204153 0.0199421 0.0197285 0.0203880 0.0193712 0.0197845 0.0199495 0.0197890 0.0206084 0.0197461 0.0202254 0.0205253 0.0204398 0.0199672 0.0198628 0.0201740 0.0192605 0.0200019 0.0199311 0.0207831 0.0204302 0.0194931 0.0200013 0.0200237 0.0204339 0.0203961 0.0190943 0.0196336 0.0194610 0.0196230 0.0198210 0.0197880
0.0204220 0.0198136 0.0208635 0.0203050 0.0197187 0.0202901 0.0201515 0.0204347 0.0196574 0.0201579 0.0203587 0.0199085 0.0196285 0.0200040 0.0201372 0.0204097 0.0198568 0.0193450 0.0203656 0.0196923 0.0198796 0.0199462 0.0198419 0.0189796 0.0199983 0.0202315 0.0199122 0.0193634 0.0208515 0.0201587 0.0196186 0.0195396 0.0195240 0.0202139 0.0191249 0.0206044 0.0199827 0.0200634 0.0205740 0.0203420 0.0197444 0.0203751 0.0201277 0.0193293 0.0202459 0.0201966 0.0190355 0.0193219 0.0210680 0.0202845
0.0202703 0.0205457 0.0202186 0.0206923 0.0197456 0.0201948 0.0200948 0.0200822 0.0190358 0.0200766 0.0198491 0.0200317 0.0196502 0.0197692 0.0203095 0.0203554 0.0201384 0.0198438 0.0204158 0.0199414 0.0197278 0.0203885 0.0193717 0.0197850 0.0199500 0.0197887 0.0206076 0.0197466 0.0202258 0.0205244 0.0204379 0.0199677 0.0198632 0.0201745 0.0192610 0.0200024 0.0199316 0.0207836 0.0204306 0.0194936 0.0200004 0.0200242 0.0204344 0.0203955 0.0190948 0.0196341 0.0194609 0.0196223 0.0198215 0.0197884
0.0200468 0.0199519 0.0192784 0.0207320 0.0196779 0.0201809 0.0199517 0.0209562 0.0202332 0.0199787 0.0208328 0.0206261 0.0199249 0.0197704 0.0201874 0.0195977 0.0200803 0.0204691 0.0201687 0.0200256 0.0198012 0.0196751 0.0193370 0.0203747 0.0192420 0.0196441 0.0193683 0.0202424 0.0188497 0.0196822 0.0193899 0.0204291 0.0202629 0.0203543 0.0202107 0.0199214 0.0201101 0.0205215 0.0192984 0.0201576 0.0197628 0.0200590 0.0205373 0.0201807 0.0205406 0.0190839 0.0204848 0.0206755 0.0195917 0.0195404
0.0200747 0.0205188 0.0202036 0.0195908 0.0200244 0.0199236 0.0206760 0.0202873 0.0195432 0.0198377 0.0202657 0.0203867 0.0191936 0.0197540 0.0197129 0.0199810 0.0201559 0.0203536 0.0195270 0.0194859 0.0199724 0.0200325 0.0199003 0.0198087 0.0192554 0.0207212 0.0194878 0.0199144 0.0198045 0.0208752 0.0197939 0.0203370 0.0189250 0.0199882 0.0202294 0.0200105 0.0205745 0.0201172 0.0193466 0.0199912 0.0206520 0.0206415 0.0202320 0.0198834 0.0200390 0.0197842 0.0201134 0.0196710 0.0201516 0.0202495
0.0201601 0.0193355 0.0200009 0.0205295 0.0200226 0.0203862 0.0204063 0.0202823 0.0207091 0.0205528 0.0203605 0.0198672 0.0189803 0.0195564 0.0206508 0.0203676 0.0202857 0.0201910 0.0202364 0.0205989 0.0191535 0.0199590 0.0188559 0.0200295 0.0202681 0.0194012 0.0191805 0.0198323 0.0200591 0.0203884 0.0202681 0.0203637 0.0200720 0.0198216 0.0190715 0.0197036 0.0202681 0.0195027 0.0207434 0.0209531 0.0194213 0.0206685 0.0206482 0.0194786 0.0205241 0.0203804 0.0195916 0.0195521 0.0194354 0.0189245
0.0204361 0.0205515 0.0204118 0.0197685 0.0194554 0.0209134 0.0203168 0.0203310 0.0203811 0.0199958 0.0192859 0.0199295 0.0204469 0.0204209 0.0203602 0.0203308 0.0191376 0.0204410 0.0195025 0.0203010 0.0203330 0.0197640 0.0189154 0.0200993 0.0197720 0.0202084 0.0201828 0.0198099 0.0192580 0.0197473 0.0200044 0.0206226 0.0201854 0.0205809 0.0205143 0.0198866 0.0202223 0.0197020 0.0194851 0.0194681 0.0202299 0.0200378 0.0200712 0.0200044 0.0200396 0.0197904 0.0196437 0.0195122 0.0194531 0.0197382
0.0200365 0.0199447 0.0192688 0.0207217 0.0196678 0.0201682 0.0199417 0.0209449 0.0202231 0.0199687 0.0208224 0.0206158 0.0199149 0.0197606 0.0201773 0.0195879 0.0200703 0.0204588 0.0206642 0.0200156 0.0197914 0.0196652 0.0193274 0.0203645 0.0192324 0.0196333 0.0193587 0.0202323 0.0188403 0.0196724 0.0193768 0.0204189 0.0202528 0.0203442 0.0202004 0.0199115 0.0201001 0.0205113 0.0192888 0.0201475 0.0197529 0.0200490 0.0205270 0.0201706 0.0205304 0.0190744 0.0204739 0.0206652 0.0195819 0.0195306
0.0204327 0.0206019 0.0204102 0.0197673 0.0194540 0.0209122 0.0203156 0.0203295 0.0203801 0.0199945 0.0192849 0.0199287 0.0204459 0.0204198 0.0203591 0.0203298 0.0191367 0.0204401 0.0195017 0.0202999 0.0203320 0.0197631 0.0189147 0.0200986 0.0197712 0.0202077 0.0201817 0.0198092 0.0192573 0.0197462 0.0200036 0.0206216 0.0201846 0.0205801 0.0205129 0.0198856 0.0202214 0.0197009 0.0194843 0.0194672 0.0202288 0.0200370 0.0200702 0.0200034 0.0200387 0.0197897 0.0196430 0.0195111 0.0194521 0.0197374
0.0204014 0.0199672 0.0208503 0.0202964 0.0197092 0.0202770 0.0201387 0.0204226 0.0196491 0.0202156 0.0203518 0.0199001 0.0196202 0.0199917 0.0201257 0.0206015 0.0198463 0.0193350 0.0203571 0.0196824 0.0198697 0.0199357 0.0198335 0.0189717 0.0199899 0.0202229 0.0199020 0.0193552 0.0208375 0.0201485 0.0196104 0.0195289 0.0195158 0.0202054 0.0191156 0.0205937 0.0199721 0.0201267 0.0205654 0.0203315 0.0197343 0.0203621 0.0201167 0.0193197 0.0202353 0.0201881 0.0190274 0.0193122 0.0210567 0.0202760
0.0202503 0.0205778 0.0202053 0.0206832 0.0197434 0.0201879 0.0200883 0.0200689 0.0190292 0.0200701 0.0198822 0.0200250 0.0196424 0.0197628 0.0203009 0.0203476 0.0201319 0.0198374 0.0206126 0.0199324 0.0197190 0.0203819 0.0193653 0.0197830 0.0199434 0.0197807 0.0205981 0.0197402 0.0202192 0.0205151 0.0204263 0.0199612 0.0198566 0.0201679 0.0192547 0.0199959 0.0199252 0.0208723 0.0204239 0.0194872 0.0199912 0.0200177 0.0204278 0.0203865 0.0190886 0.0196277 0.0194534 0.0196135 0.0198150 0.0197818
0.0201583 0.0193716 0.0199999 0.0205273 0.0200239 0.0203844 0.0204053 0.0202813 0.0207079 0.0205518 0.0203588 0.0198662 0.0189786 0.0195555 0.0206498 0.0203791 0.0202848 0.0201900 0.0202349 0.0205979 0.0191526 0.0199580 0.0188550 0.0200311 0.0202671 0.0194003 0.0191795 0.0198314 0.0200579 0.0203874 0.0202667 0.0203627 0.0200709 0.0198206 0.0190703 0.0197027 0.0202671 0.0195018 0.0207424 0.0209521 0.0194203 0.0206673 0.0206472 0.0194777 0.0205231 0.0203795 0.0195906 0.0195512 0.0194344 0.0189235
0.0200363 0.0199499 0.0192690 0.0207219 0.0196702 0.0201631 0.0199419 0.0209434 0.0202232 0.0199689 0.0208227 0.0206160 0.0199151 0.0197608 0.0201776 0.0195915 0.0200722 0.0204591 0.0206557 0.0200159 0.0197916 0.0196655 0.0193276 0.0203674 0.0192326 0.0196316 0.0193590 0.0202326 0.0188405 0.0196727 0.0193699 0.0204191 0.0202530 0.0203445 0.0202003 0.0199117 0.0201004 0.0205116 0.0192890 0.0201478 0.0197532 0.0200492 0.0205273 0.0201709 0.0205306 0.0190747 0.0204728 0.0206655 0.0195822 0.0195308
0.0203902 0.0199597 0.0208444 0.0202937 0.0197072 0.0202711 0.0201330 0.0204174 0.0196466 0.0202085 0.0203491 0.0198976 0.0196176 0.0199864 0.0201209 0.0205939 0.0199261 0.0193312 0.0203545 0.0196786 0.0198660 0.0199317 0.0198310 0.0189692 0.0199873 0.0202202 0.0198981 0.0194119 0.0208311 0.0201446 0.0196078 0.0195246 0.0195133 0.0202619 0.0191122 0.0205895 0.0199680 0.0201228 0.0205627 0.0203275 0.0197304 0.0203562 0.0201123 0.0193161 0.0202312 0.0201855 0.0190249 0.0193086 0.0210523 0.0202734
0.0202403 0.0205730 0.0201968 0.0206786 0.0197729 0.0201849 0.0200858 0.0200606 0.0190265 0.0200675 0.0198786 0.0200223 0.0196386 0.0197603 0.0202965 0.0203427 0.0201294 0.0198349 0.0206047 0.0199276 0.0197144 0.0203793 0.0193628 0.0197803 0.0199408 0.0197768 0.0205931 0.0198158 0.0202166 0.0205102 0.0204194 0.0199587 0.0198540 0.0202434 0.0192523 0.0199934 0.0199226 0.0208672 0.0204212 0.0194848 0.0199862 0.0200151 0.0204252 0.0203820 0.0190862 0.0196252 0.0194499 0.0196088 0.0198125 0.0197792
0.0202386 0.0205729 0.0201961 0.0206785 0.0197729 0.0201851 0.0200860 0.0200598 0.0190266 0.0200678 0.0198786 0.0200225 0.0196387 0.0197605 0.0202965 0.0203426 0.0201296 0.0198351 0.0206041 0.0199275 0.0197143 0.0203796 0.0193630 0.0197806 0.0199410 0.0197768 0.0205930 0.0198156 0.0202169 0.0205100 0.0204190 0.0199589 0.0198542 0.0202433 0.0192525 0.0199936 0.0199229 0.0208671 0.0204214 0.0194850 0.0199861 0.0200153 0.0204255 0.0203819 0.0190864 0.0196255 0.0194499 0.0196087 0.0198128 0.0197794
0.0203804 0.0199535 0.0209384 0.0202918 0.0197045 0.0202662 0.0201924 0.0204132 0.0196448 0.0202026 0.0203472 0.0198958 0.0196158 0.0199820 0.0201170 0.0205875 0.0199214 0.0193281 0.0203526 0.0196758 0.0198632 0.0199285 0.0198292 0.0189675 0.0199855 0.0202183 0.0198951 0.0194091 0.0208257 0.0201416 0.0196061 0.0195212 0.0195115 0.0202591 0.0191097 0.0205862 0.0199648 0.0201197 0.0205608 0.0203244 0.0197274 0.0203515 0.0201088 0.0193133 0.0202281 0.0201837 0.0190231 0.0193057 0.0210487 0.0202715
